8787
393747
786963
17039891
148099
795
262931
1311491
1049099
2587
133651
264723
526867
4213251
21123
533011
16923
21123
19203
147979
147987
156163
672259
1589763
2114067
135939
140035
393987
17039891
787203
1057299
1188355
1311251
1835523
17039891
17043971
16777757
131607
393749
669
131733
262805
16777877
262925
16777997
262933
9029
132629
266773
8733
270869
18965
18957
25109
156165
131613
393749
131853
156165
410117
16910853
524829
533253
549381
672261
1835525
1573397
17041925
541195
557593
17037
1049369
279305
787209
2827
12825
13065
529161
8393481
8397337
16923
573961
147979
147993
156169
4219401
33571353
655897
164617
1315337
1050377
1575433
1057293
1835529
6291993
2884105
17564169
33817113
262993
287249
410129
394001
3150353
25377
131889
4213281
148017
1067553
655921
656161
410145
655921
803361
533073
393809
2897
279361
267073
787265
526929
16779857
4213313
1313345
25169
287297
16802369
140097
410177
1184321
1049177
1311313
17826385
1311425
1573697
533137
9097
9153
533377
19081
19089
131865
262937
279305
16909073
525249
2841
4889
135953
131865
402177
656257
918273
264977
525189
1835777
2229009
8651537
16794497
33557265
262929
10049
263705
2827
1055235
264725
2829
281093
133657
3605
264725
264753
526897
35473
657937
4459025
2889
11073
150081
281153
1055297
3845
11025
264993
11073
3857
269057
11025
281345
789249
2099985
3857
12033
282113
16780809
6801
268817
1055241
1055297
281097
18969
281105
543265
27393
27153
27201
281105
1067529
4213265
657937
543361
805377
1317377
17832449
1182225
1183233
135699
529155
6675
283139
16912899
12825
274961
537105
4885
4889
21257
267017
267025
21313
13073
29441
275201
398081
17306369
13061
29441
284161
23057
29249
152081
676353
1200641
2118161
4739585
37401
39441
16816641
1088001
660225
1054213
1315345
17046017
25221
10773
8973
156169
10833
139857
10833
27201
16917057
795201
9153
11025
273153
13073
271121
140817
272001
11793
1320449
25113
27153
16806401
533017
795153
533253
795393
664081
17572353
2108161
426513
688657
16941585
33673
295809
41793
51969
295809
299777
49689
311817
313857
705025
426513
188929
557593
688657
17336833
131613
131973
410117
1442309
131611
16908849
131861
918033
133953
133713
150081
156225
672321
1180241
1442369
133905
396033
672513
394001
394113
656257
132633
133657
395793
135705
659985
137985
402177
1712641
148233
410129
172561
393753
17170961
418305
657937
656133
918273
17435137
17695233
1180305
1446401
2507265
17172993
287237
803333
262925
262809
270993
787089
262937
17564417
263705
394769
4458001
280321
303633
426513
295685
295697
442881
918033
918273
1843713
4461313
17306369
807425
803333
542225
804353
807425
17322497
549393
17326593
17351169
688897
1573509
1065737
1573641
1057361
1180241
1311313
1573569
1051397
1067777
1329665
1055489
1319441
1843713
18358785
1180433
1442321
1180421
1442561
1851905
9446145
2361873
2368017
2490897
2753041
2106129
2122497
2360081
2376449
35652369
2114313
6570497
52429329
4459017
4735505
5245473
4203329
4204289
21107201
4203033
4334097
4212241
4475393
4343297
8653329
8391441
8653569
8397633
8409857
8413953
8913681
8391193
8653329
8401425
8405769
8413713
8675841
16812561
16908881
17048321
17326593
17170961
16909073
33555225
33571593
33563409
33581569
33571589
33573393
33841665
34095633
34095745
34604801
34734609
34742785
51511809
50336273
50598401
262791
263687
16778759
8727
25095
603
16779787
264723
786979
2643
262851
851
17039939
787075
1311363
1573507
263939
2835
264963
140035
525187
787203
33555219
131843
1311235
1563
9747
132627
263699
264715
16779787
2587
133651
264723
265731
16780803
268803
16783875
19203
27139
543235
527107
1059331
1313283
1575427
25095
270855
8843
270859
16785931
8731
270867
270915
25091
271875
16786947
795139
1581571
17310211
34087427
287235
33571587
1344003
131611
147979
393739
16908811
131611
393747
131875
393763
16908835
131667
131847
394755
16909827
397827
16912899
401923
16916995
156163
426499
16908819
262683
270867
393747
279171
262919
262915
264963
271107
287235
786963
787203
803331
524935
524827
786963
524947
787075
526083
549379
803331
1311243
1312259
1052163
1442307
2106115
4456971
20972043
4457987
4459011
4465155
4588035
21496323
16777755
16908819
17039891
16779795
17842691
17564163
17039883
663
262683
16777755
263699
16778771
264723
266771
16781843
25107
270867
16785939
131611
393747
786963
524947
786963
17302035
1311251
1573395
9437715
33303
263702
4890
525106
17010
603
8787
131667
524883
9042
541266
1053266
1057362
16778066
9042
271122
131859
262931
1683
2707
133651
16779795
2710
2643
527122
27154
4213266
789010
4635
266771
8393490
1053210
8854
270874
16785946
8787
271122
8978
549394
795154
17310226
557587
16908819
393810
149010
394770
397842
656018
16910866
786963
4456979
787218
283154
803346
787218
786963
787090
525082
549394
2105875
2245138
20972058
4195154
33557266
263043
899
8899
787075
264850
1057411
1835650
903
16780035
33558
262934
16779014
131866
262938
525082
25354
2842
394002
851
963
525250
16780098
279362
541506
25474
1065730
1818
132882
263954
264978
2898
265986
4995
267011
11011
271114
140050
25410
271170
16786242
272130
16787202
795394
21266
287490
549634
279314
541443
33562
49930
131974
148234
393994
395010
133906
396034
410370
17171202
656258
33686290
283394
287490
525190
656146
17302290
803586
1590018
17564418
33817362
3591
264771
264835
11011
10759
10763
11779
657923
264835
788995
788995
1051147
4205059
17041923
33557011
3603
10778
535058
657938
17041938
39682
16784130
11018
11074
12034
273154
16788226
297730
789250
789250
34081538
2099986
19974
281094
281154
19986
27146
8415746
150034
805378
4221442
4475394
20990466
1051162
1313290
17828362
1051162
1182226
1313298
1575442
17828370
1051402
1055250
1060354
1583618
1444354
1706498
1313410
16812562
280067
410115
17318403
17046
280070
279066
16986
16794186
17290
18970
311826
410130
541458
1065522
25155
16794194
17234
19026
1065554
1327682
17043
281346
25410
26370
541458
17946
18066
280082
150019
281091
281098
281106
543250
8407810
282114
805378
1329666
25110
287242
25114
156178
287250
16802322
287298
25362
288258
1077762
1335810
33579523
33579538
148995
150019
410115
8536579
147994
410122
147994
150034
410130
148230
411138
414210
156178
934402
17449474
34226690
17056274
279314
17057282
1335810
541318
541330
543250
4735506
17318530
1065554
1065666
1328642
1067538
1591810
1073674
1335810
1196554
1196610
1204738
1327634
18104834
1851906
2114314
4735491
4211226
4342290
4473362
4735506
4211474
4475394
4219410
4604418
4473362
8405530
8413714
8536594
8667666
8407555
25707010
16925187
16794138
17056290
17056322
16796163
131719
132615
655879
393795
393859
131851
133891
139787
139795
140803
664067
393859
918019
918019
2228755
2228995
2245123
4327939
4334083
25297411
17170947
33686035
393754
401938
664082
4588050
17170962
132870
131890
394050
395010
398082
140050
140098
141058
402178
16917250
410370
395010
656258
918274
33686290
148102
148998
410122
148162
410178
150274
152082
156166
156170
410130
17187330
672386
4350466
4604418
1181190
1180354
1442434
1188610
1704706
1180163
1196546
1182226
1184274
1188418
1712642
1442434
1443330
1966594
1704466
1966594
3539458
34603539
1066502
1312262
1311258
1049178
1311498
1327626
1327650
18350626
1057347
1051218
1313410
1442434
1312514
1051402
1575682
1835778
1312274
1328642
1051218
17828418
1314306
17829378
1313298
1315362
1086082
1348098
17863170
1319427
1057302
1057414
1073670
1057306
1057418
1319434
1581578
17834506
1319490
17834562
1057539
1057298
17834498
1074690
1320450
1843714
18358786
17834499
18104834
1442314
1704466
1180450
1180354
1442370
1188610
1181187
1181202
1443330
1444354
17959426
1450498
1712642
1475074
1245699
1442322
1966594
1311258
18088578
18089474
1835778
18612738
1573510
1589778
1835538
1575442
1589890
18352642
9458178
17957394
17834754
37749507
17039898
16778778
17040914
20974083
17170962
17172994
17564178
8967
2583
262685
605
16777805
797
262709
605
131669
262741
16777813
541253
4211333
271109
140037
25093
1057285
1565
263701
16778773
264741
2853
8391429
265733
268805
16783877
297477
2099733
25168389
6677
21013
267013
283141
37637
53765
299525
16814597
1315333
25101
16785933
8853
139797
270917
795141
795141
17310213
33309
164373
295445
8421909
295557
33587973
35349
57861
311813
573957
164613
1083909
1606149
147975
393735
16908807
393741
16908813
655893
8520213
148037
394757
133653
395781
139797
401925
16916997
147975
150021
152069
164373
164613
426501
655893
918021
2228757
19005957
262685
17040901
786965
655893
786965
1312261
1051149
1052165
1313285
1315333
1344005
1311253
2097693
2099733
2228757
2359829
2097941
2099973
3408389
4194845
4457989
8413701
798
262940
791
264980
23060
789012
549396
795156
1581588
150036
410132
918036
17433108
786965
787220
17304084
262797
693
524965
9093
263045
3717
264837
37509
266885
8901
9861
533125
279173
33429
295557
557701
131725
132741
135813
393861
656005
16908933
266885
787077
2097813
2359941
4195973
4196997
4457093
17040005
33429
524949
924
262836
1685
2709
35476
21140
266900
656020
787092
18875028
4457108
20972180
17285
263045
263046
924
948
2964
18308
264068
2956
2964
4998
5012
21380
37764
9093
9108
9156
10116
25476
271236
295812
132996
134020
136068
148356
164740
656260
1180548
787332
2098053
2098068
2360196
18875268
17052
279236
19332
148356
18068
16795268
19077
19332
53892
287364
311940
148108
148116
279188
541317
1589892
9454212
4212356
4473476
1311366
1049253
1311428
1086084
1315460
1058436
1182340
1188484
1311380
1573524
1835652
16779924
16781972
16786060
19206
131868
262940
264980
131909
135941
8393492
271124
336644
287492
394004
396036
527109
525084
656148
787220
2360084
2622228
2589
264717
264773
6917
133893
6677
39429
268805
10821
11781
272901
297477
559621
150021
657925
264837
297477
788997
788997
1575429
2099733
2099973
4459013
133653
526869
264756
526900
264788
3860
268820
559636
134676
4459028
2844
264980
527140
6918
6932
11028
11076
12036
535300
35604
297732
559876
789252
19973
23045
281100
281156
19988
23046
55812
27156
28164
289284
313860
281108
543252
543364
805380
1067532
1198596
1329668
1591812
2116116
4221444
4475396
16796180
17058308
33573396
1313286
1051164
1313300
17828372
1088004
1059396
1060356
16812564
16794125
16796165
541205
541445
17159
18966
33571335
279053
25116
147996
279068
8405532
279068
17236
1065556
17031
25236
279332
25412
281348
410372
803588
17948
280084
16795156
16796166
18972
16796180
27396
805380
33573381
21014
21254
283142
16798214
152084
283156
545300
16798244
8409860
315908
578052
545300
1331716
25116
287252
8413716
16802324
287268
25157
25172
25349
288260
16803332
1335812
51717
16826885
49692
57876
180756
311828
49797
180741
311828
17089028
1131268
147990
16925190
147981
410124
147996
16925204
148292
148229
411140
16926212
414212
156420
418308
1204740
16933380
442884
279068
803348
17056276
279316
803348
541212
803348
803460
1065500
1065668
1067532
1597956
1098260
1360388
1196550
1196556
1196564
1458692
1720836
1589765
2114076
2122260
2245140
2376212
2638356
18891284
2122500
4213253
4219397
4211228
4342292
4474372
4475396
4506116
21119492
8405525
8407557
8405532
8667668
8405766
17842693
16794140
16925204
17875460
33571356
33579540
33833492
50348564
33571604
655909
393797
135701
168453
397829
140805
16941573
4327941
4588037
17170949
33686037
50463237
135701
147996
393756
140052
135701
397844
426516
688660
16941588
4588052
393989
393990
135956
168708
398084
140052
141060
402180
410372
164628
426756
426756
918276
148997
672292
410180
152070
152084
156180
157188
418308
16933380
442884
934404
1229316
1720836
4342284
4344324
4350468
4604420
33702420
1180188
1196556
1442316
17957388
1182228
1442324
1704468
1704484
1184262
1217028
1189380
1442324
1442436
1966596
18219524
3277332
4850308
16917012
17465860
1049118
1180182
1311254
1573638
1311524
1057604
1311620
1835780
1312276
1575444
9439764
1317380
1575684
1837572
18352644
1061636
17834508
1057556
1581828
1843716
1083924
1082124
1229316
1704453
1442310
1442316
17957388
1180188
1442324
1704468
1442340
1180436
1196804
1182468
1444356
17959428
1450500
17965572
1442324
1442564
1966596
3277332
20054532
18088580
18121220
1704468
1835540
18350612
1573652
1581828
1835780
34865684
16802309
17048069
16908822
16908828
25168644
16781845
16912901
17043973
17043988
16800260
17564180
17326596
33948165
263693
279113
263049
264841
18185
16780041
8985
533257
16909065
17040137
3609
264729
264969
789001
266777
274953
299529
16814601
270921
25353
271881
270873
795145
393801
393993
394761
16909833
395785
401929
918025
33686281
263049
17040009
786969
527113
803337
1577481
1049115
17826315
1581577
1442313
2105881
2622217
4457033
4457993
4465161
4981257
16777869
17310217
33686041
262731
264729
526873
270873
139801
16908825
524953
4456985
20972057
786970
1180186
1573402
573
4892
17948
263708
147996
279068
16794140
16908828
16779804
524857
262968
17016
262745
1053272
1311320
16778040
9048
264984
10008
267032
787224
17302296
16779801
264760
526904
264984
281112
35480
526873
789016
4892
529176
21018
21272
29208
283160
545304
561688
1184280
139801
16785945
8860
13080
271128
795160
25182744
573976
557720
16908825
16908826
131928
397848
401944
16917016
410136
16941592
656024
2490904
263064
524889
8929816
2359833
2099992
2360088
2122264
2376216
2638360
4325913
12583449
25428504
263817
264841
133000
19096
281224
25480
541576
4473480
1573768
525069
264969
8985
16909065
16778012
525196
263948
16779020
541452
525069
541452
787212
1573644
17302284
264984
787224
525256
263945
132888
263960
16779032
21258
135960
267032
16784136
299784
140041
140056
271128
9048
25416
271176
16786248
272136
16787208
27400
287496
795400
17292
281352
541449
312072
135945
131928
132888
395016
396040
918280
17433352
279308
17040264
267032
527113
525196
787224
17564424
50856712
2106121
2360073
2229016
2360088
18875160
2106121
2376456
2638600
4203273
17040137
33563416
271112
279051
803337
17178
18955
541324
280076
1327628
280088
410136
803352
541336
19017
25161
279128
16794200
17240
16796232
21065
543496
16796424
25416
803592
18972
19212
281112
16796184
19209
19224
23049
805384
23049
283160
21260
25225
287241
156184
25161
287304
17064456
1597960
180760
311832
16826904
410136
148236
410376
147992
411144
16926216
414216
16929288
442888
410121
410136
934408
17449480
279192
410136
279177
543241
672280
803352
1196553
1589770
1065500
1327628
1065672
1328648
1069577
1331720
1360392
1196553
1327640
1851912
2122264
2245144
2376216
2114328
4212233
4342281
4213272
4342296
4473384
4211480
4213272
4475400
20990472
4481544
20996616
4506120
21119496
4473368
4997640
8667672
8405784
16802328
33579544
33702424
33833496
132621
147981
655913
393801
133897
140041
397833
140809
664073
164377
426505
16941577
918025
2228761
4327945
4334089
4588041
17170953
132636
393816
394776
664088
918040
17170968
394008
656168
16911112
141064
426760
688904
2229016
149004
150280
672520
149016
150040
152088
156184
16933384
442888
705032
1197576
2245144
4350472
4604424
1442376
1446408
1189384
1212952
1442328
18219528
26345992
17170953
1313289
1319433
1442313
1573389
1311260
17826444
1312268
17827340
1573644
1835532
1313304
1835544
1057608
1835784
1312265
1312280
1051164
1313304
1051401
1313304
1069578
1315338
1054217
17831432
1348104
17863176
1061385
1057308
1057420
1319448
1319496
17834568
1320456
1319560
1843720
1069832
1344024
1083928
17861128
1182217
17957448
1450504
1458696
17973768
1966600
34734856
18089480
18612744
1573516
3670552
9699864
4196889
4200969
4461065
20976137
4203081
4325929
5247497
4721176
4197144
4203288
17040920
16803336
16787992
17048088
33833608
16910865
401937
656017
533265
262996
1573404
787248
266833
9168
279320
525264
26384
156432
17176
5657
10064
10777
272913
11032
11056
535312
16796240
27408
313872
273168
2107921
6929
21074
4215314
8409618
1315346
267028
398096
791312
21264
29264
823824
17338896
17043992
533013
143889
4219416
8397616
8981
16802320
535312
26384
289296
160272
4481552
158224
17049104
533265
17441296
2122512
18899472
50344464
412176
287504
557589
295569
49816
180880
295700
49812
25215504
426768
1116689
1114904
1147664
156240
410192
672336
1442448
132884
140112
1196624
1737232
3539472
2231056
410192
836112
934416
526993
525204
803472
17304208
672336
1835792
17306129
1311440
1081881
1458704
1329680
2362128
8913429
8915473
8655377
8391472
8397648
9175824
9175824
8675856
8946193
8700432
8931856
9044497
9701904
9964048
9568786
16786256
17580560
2611
131637
524853
16777781
821
541221
786981
17302053
131641
262713
633
279081
9057
541281
263969
9009
271137
533281
394017
16909089
525217
1593
132657
263729
16778801
1841
132897
17041953
4665
266801
16785957
270889
270897
25185
270945
271905
287265
1061409
197409
131637
131877
16908837
393769
131641
393777
133681
395809
397857
393777
918049
262949
787233
786993
17304097
1049313
1051177
1575457
1319457
1180201
1573425
1835553
3146289
2099761
2228785
2359857
2245153
3408417
4465185
20980257
8389177
8651313
16777785
16785969
33555001
33817137
131641
393777
786993
786993
2613
524980
525108
263732
825
9072
533296
787248
2740
2872
8391472
27184
789040
17304112
6705
4916
1184304
270904
16785976
271152
271920
795184
279096
133681
16910896
135984
397872
401968
16917040
8536624
786993
17564208
786993
524980
525112
672304
1835568
4719153
1180209
1311288
394017
787233
148258
262964
1049508
525093
888
279336
1311528
2872
9016
533296
394032
16909104
787248
525280
279392
1848
263984
133921
2980
2872
133936
265008
527152
266016
269088
16784160
27424
281376
527264
1055520
11041
8997
9124
271144
9016
140080
271152
272160
287520
148264
328608
1114928
131896
394032
395040
135969
398112
402208
918304
656288
279456
17040288
17564448
525220
17304352
533281
2229040
2360112
8389432
8520496
8651568
2616
148008
264739
3621
264801
133921
3633
265761
16780833
6705
268833
16783905
10801
11809
272929
297505
133681
16910881
264865
265761
789025
4205089
4459041
20974113
25168417
17041953
6705
3636
264816
264880
1182256
4459056
8391472
8407600
17041968
3876
264996
2872
133936
265008
39712
269088
11104
535328
297760
396064
658208
266016
527152
789280
281122
20004
281124
281136
281184
27232
313888
150049
150064
412192
16927264
281248
543280
1198624
1591840
4221472
4475424
20990496
1313314
1051192
1313328
17828400
1051432
1052208
17829408
1055280
1088032
1059424
1060384
1198624
1313440
1575472
18352672
18352672
16910896
16788256
16812592
17304112
281121
283169
16798241
18981
1327652
25264
16794224
17264
19056
287392
279336
281376
287520
803616
281128
16796208
19233
19236
19248
282144
16797216
283184
25129
287272
1073704
287280
16804384
811552
152097
16925217
410146
16925218
148020
410152
150064
410160
8536624
148080
411168
16926240
152097
152112
414240
672304
672416
934432
17449504
1200672
33702433
33702448
1589793
1327656
1196592
1589808
1067568
1329696
1073704
1597984
1458720
1589920
2114097
4475424
4735648
8405560
8667696
8405808
16925232
16796208
16802352
132645
393825
133921
135969
394017
135729
139813
140833
164401
426529
918049
1180201
1442337
17170977
132657
656176
135736
139825
156208
393904
918064
394018
131896
394032
394080
394032
395040
918304
656176
656288
918304
34210592
33686320
149028
410160
410208
156200
418336
680480
410272
934432
672416
4350496
4604448
21119520
33702448
1442400
1704736
1217056
1442464
1966624
1180195
18088482
1312292
1049208
17826408
1313328
1196592
1051233
1049456
1065824
1311584
1051248
17828448
1311520
1575584
1053240
1184304
1315376
1577520
1057321
1057576
1073704
1319464
17834536
1057632
1073760
1319520
1057572
1319712
1320480
17835552
18096672
1843744
1182241
1188385
1180197
1444384
1198624
1458720
1704608
34734640
51511840
1311288
1313328
1313568
18612768
1597984
34603576
34865712
34605856
17039924
16778808
17040944
17041968
17170984
262985
601
16969
262985
16780097
271169
394049
279105
2649
264785
265025
51777
1575489
2116161
4691
21059
266819
4697
135761
266833
16781905
4933
13121
299585
1577537
16785993
8817
2105937
271937
25185
33369
164433
295505
311873
148035
131673
394049
397889
656065
17040065
17072705
524997
655953
787025
787137
1049285
17826373
1311305
17826377
1049169
1575489
1315393
17830465
1581633
1344065
34603601
51380801
2099793
2638401
20972101
4458049
20973121
4489793
21234241
33555033
33686097
33817169
33579585
264785
270929
787025
1180242
18004
263764
787280
787280
264792
2904
789072
545360
270929
9044
25424
41808
29264
156240
795216
17310288
1319504
131793
397904
16912976
787025
1606224
1315408
16786001
33555393
787152
803520
1067712
1313472
533313
858
131922
262994
1311554
787296
265032
527184
16812864
789312
6992
299840
16814912
272192
33579840
58176
17072960
394056
133984
396096
16911168
402240
156480
410432
394176
656320
918336
283456
525252
1835840
2098008
2106192
2229072
2360144
33575744
2645
264777
16779849
3905
39489
268865
10825
272961
16910913
1182273
33557073
50334273
6737
16779858
265040
272976
535120
17042000
265026
527200
3920
6992
269120
535360
266048
789312
34081600
23105
543297
19266
16796226
19032
285248
313920
16927296
805440
1591872
2116176
4475456
20990528
33573456
1051224
1182288
1313360
17828432
1055312
1317440
1075776
1575504
1837632
16812736
141889
401985
271041
4465217
4481600
279137
16925249
803393
17318465
2114129
541272
281168
803408
541392
17318480
148304
279360
280144
281160
23120
281168
51792
313920
152144
53825
25284
25200
25409
25440
288320
17064512
50753
51008
16925249
148056
410432
414272
16929344
442944
17187392
803520
541380
803520
17318592
1328704
1196609
1196616
1851968
18367040
2114136
2376272
4219457
4473416
4473440
4474432
4475456
4481600
8667728
16798528
655969
164673
168513
139849
401985
664129
164545
16941633
426561
918081
2228817
2490945
19006017
17171009
148050
402000
426576
4588112
17171024
131924
394056
131952
656224
132944
136016
16913216
140104
402240
672576
164688
426816
688960
16941888
394064
918336
17171264
656320
918336
33686352
16925256
156480
411200
152129
414272
180816
33964608
934464
1196640
1229376
1720896
2245200
19022400
4344384
4350528
4604480
1180248
1182288
1442384
1180272
1184336
1217088
1188424
1712704
16908884
16908888
16909904
16941648
17465920
1065541
1073729
1319489
1180233
1312324
17827396
1835600
1049432
1065800
1311560
1051464
1051472
1575744
1086272
1196864
1311568
1051203
1182273
1051332
1313360
1575504
1313376
1084096
1346112
17861184
1069634
1348160
1319489
1320512
17835584
1123136
1443392
1444416
17959488
1450560
1442496
18088640
1313360
1313600
1851968
18612800
18612800
17826392
17828432
18367040
18088528
4203344
17041985
17048129
16777818
17039954
16779864
17076800
16786001
17064512
50348609
17072720
17089088
16910913
16908888
17171024
16933440
17187392
18219584
17564240
18874968
19006032
19137104
263813
16778885
905
787081
266897
33555361
787105
1925
264065
1050497
265089
16780161
271233
16909185
262801
263041
263825
6017
1312385
2953
2713
133777
264849
2953
268929
27265
281217
264849
789121
2099857
4761
266897
270985
16786057
271041
16787073
795265
16812673
1344129
393865
16908937
131737
135825
393873
136065
394881
395905
397953
402049
410241
426625
16941697
918145
17564289
1311369
1311393
1065665
1051273
1055361
1313409
1575553
1319553
1581697
1311377
1573521
2099857
2106001
2228881
2359953
2114181
4194969
4458113
4461185
4457105
16777881
16908945
16779921
33555097
33557137
33686161
33817233
33557137
16777881
2713
264849
16810641
131737
393873
17302161
18875025
263828
16777944
787120
17302192
1049489
265104
394128
787344
659
131729
19344
8391568
268944
281232
543376
297616
13200
299664
16814736
271000
16917136
795280
164497
393874
16908946
393880
395920
135825
397968
402064
156304
410256
426640
34210448
8389273
25168528
131992
267152
131969
1944
133008
264080
134017
265089
789376
1055616
1313664
21378
1057665
271240
271296
16787328
795520
33688
164752
295824
16812928
131992
394128
2098072
2229136
2360208
33563536
17049
16794305
148105
410241
16925313
803457
280196
1327748
17033
410256
25281
25296
17304
280448
25536
279440
803712
280193
18072
280208
16795280
280448
1070720
281232
16796304
282240
23184
285312
805504
283265
21144
152208
283280
16798352
21392
287368
25240
156304
287376
16802448
25536
287424
288384
16803456
50817
311952
150145
410241
148120
410496
411264
152208
418432
16933504
410256
934528
17187456
281232
287376
410256
17056400
803457
543376
549520
803712
17320576
1327776
1073800
1196928
1458816
1327760
1852032
2114193
2114200
2116240
2122384
2245264
2376336
20988545
4211346
20988552
4473488
4473504
4474496
4475520
4342416
8405656
8667792
17056385
16794264
16796304
1312388
1057417
1180368
1311617
1311632
1313409
1313424
1314432
17829504
1061505
1315457
1315488
1053572
1053576
1200768
1348224
17863296
1073800
1320576
17835648
1843840
1442440
1444480
17959552
1966720
1966720
18481792
18089600
1573761
21236352
16779928
16908937
16925320
16786065
17048208
16786368
17041040
17042049
16779984
17042064
16780164
16790160
17052288
16786072
16794504
16810648
16941712
17072784
17089152
25297537
17064576
263060
533272
133912
17042184
49985
1313600
136065
272129
788225
288512
2837
1055504
1313552
4945
16782145
1053458
37656
39696
16816896
578304
185088
17044352
566017
144129
8413954
16786194
1188612
1319684
8397592
4219656
1057560
566032
144144
664336
140065
11088
549696
141072
12048
16788225
156418
1614592
418560
795408
320256
664336
664321
680704
1059585
1188624
1843968
2237185
2237200
410369
803585
656145
418560
16933632
789264
789264
17302404
656272
19022592
25174785
8536833
8915728
33948417
541187
524821
263685
16778757
262681
131665
131905
264961
132625
263697
16778769
1809
18961
51713
4627
20995
266755
1053187
266769
29185
1061377
270865
16786945
17310209
33305
164369
295441
394753
395777
426497
1182209
17039889
295441
787201
803329
1312257
1057297
1581569
1344001
2099729
4194841
4465153
8389393
786961
262936
665
1311376
2579
287248
131864
394768
16909840
549392
265088
279297
794
131858
262930
541504
789248
16814848
25408
271168
272128
393992
2097944
2229008
2360080
18875152
16922
279058
280068
16795140
18968
17056272
287360
287488
549632
803584
17944
149008
280080
16795152
18968
281104
19216
805376
17320448
287248
287296
17326592
152065
934400
1200640
803329
1597952
1067521
1327680
1328640
1067536
1458688
1851904
4342273
4211224
4475392
20990464
16794136
1311250
1327620
1311241
1049176
17826376
1327624
1051201
1049364
17826564
1050136
1312272
1083920
1051393
1184257
1069570
17830402
1348096
17863168
1073668
1320448
17835520
1581569
1597952
1344016
1106432
1704449
1182224
1442320
1442560
1835536
1835536
3408400
3146512
280129
1312321
263953
265985
268033
265745
3873
265985
267793
268033
16786953
9873
271889
9985
796161
34612737
288257
296577
4244993
1213953
1345025
1607169
33687057
402945
411137
919041
17171969
919041
50464257
267793
1050305
1181441
17958401
4195865
16780817
17057281
33818369
16778840
132912
1050257
395024
7952
298512
16813584
790032
17305104
22034
267794
300560
562704
16815632
9777
9876
26136
288272
796176
296720
394800
136721
402960
411152
787985
525972
544272
2101008
1929
263841
788097
33556353
1689
788112
395136
18049
1312392
1052289
16780929
1312513
3843
3864
18200
1880
395024
2361104
526272
16781072
274176
282368
298752
790272
17305344
22274
530192
9993
272144
16787264
149264
34689
296705
296720
17073920
16910082
403200
526104
657168
788240
526224
788352
1576704
2361089
11841
298497
28224
1052240
35130880
304641
142849
402945
1189377
2106897
4204049
9753
536080
10032
272256
796416
2107152
321024
321024
812544
1074696
1598976
4220424
4220432
4482560
1060368
1191424
1451520
1844736
288257
312833
26115
282128
542241
20033
26256
280320
22274
1070594
312960
50704
149249
157185
411137
673281
411152
411392
153089
1205760
1459712
542340
1197569
656929
395009
657153
140865
402945
33695233
1705473
17171969
140880
151296
157185
157200
1181442
1218048
1050386
1312544
1052240
1312513
1060353
1314305
1052448
1316608
18093568
1443584
1705473
1836800
1574657
1836545
1574532
1836800
18089473
4197905
4329216
16787009
17171969
17565185
17565192
17042960
16781072
16789248
25169664
16797200
16786968
17049096
17073680
16910096
17565200
17303184
17843720
10771
16779797
264965
16780805
2116113
2949
264965
3009
265985
16911105
527233
17304321
134673
265745
265857
6681
137745
301569
10885
272905
273921
16788993
797185
43777
297729
35345
297489
133765
16910857
396801
16911873
403969
666113
1186305
526981
535057
527233
17304193
527889
1837569
1051269
1051161
1313313
1051329
1059337
2099737
2230801
4327953
4205313
4460033
4467201
20982273
21236225
8522257
17861121
33557017
33819153
33835521
16779825
265745
16780817
535057
16787985
297489
559633
141841
789009
789009
18876945
1055256
27216
1051281
396048
14865
31248
1186320
272920
551440
36369
35608
166417
559633
428560
526996
1608208
1051284
1067540
1051344
2108176
4459280
8653584
658177
527124
527236
265988
396048
16780080
133968
527296
3864
134928
266000
15105
8395521
6915
23298
269058
6936
15120
269072
16784144
277248
285440
39681
301824
11013
11140
273160
16788232
142096
16788240
27456
273216
16788288
274176
16789248
289536
797440
17312512
1063680
9448192
289536
297729
297744
314112
397056
674560
527128
531216
658192
527248
543616
658192
2108176
2247424
4459265
285185
16800257
289281
2116113
19092
281220
16796292
19220
282116
16797188
1071620
27160
805408
17320480
19265
19268
19280
27456
289536
51984
412416
282128
16797200
1072640
285185
23064
285200
27216
289344
51736
182800
158209
412168
16927240
150276
412416
805392
543492
1853952
1067544
1067792
1329920
1071617
1075720
1337856
1100304
1362432
1198608
1460736
17975808
18106880
1853952
2640385
2116120
2247184
2378256
18893328
2116368
4221441
4221456
4344336
4475408
4221448
4221456
4483584
4508160
21121536
4475408
4737664
4999680
8407576
8669712
33581584
1051269
1182211
1051404
1314308
17829380
1051404
1329672
1055490
1063440
1350144
17865216
1190401
1321473
1059460
1321488
1583632
1059408
1059648
1321536
1322496
1845760
1092352
1182232
1444368
9570832
1182528
1182472
1445376
3279376
1444368
18090624
18614784
1575441
1575448
1706512
1837584
9439768
9570832
4459280
16910857
17041937
16779797
16788288
17046032
16816768
16788100
17050128
17173008
16911108
17041944
17050368
17304088
17566224
17304324
4637
4757
4997
21125
267781
29189
528917
16783881
283145
137745
4901
791073
545345
267137
21137
22273
268033
23297
791297
33559313
21009
152065
283137
136721
267793
5905
268033
7937
16784897
793089
17308161
16790025
12819
12945
12881
275009
16790081
275969
16791041
16792065
160257
291329
291329
553473
799233
17314305
1063425
1323521
33583617
299537
1102337
1118977
16912905
397841
398849
137745
399873
16914945
160257
397841
922113
19010049
397841
17044097
291329
17568257
1839617
529029
528921
791057
529041
791169
537345
547329
1839617
34099713
17830403
1585665
1184513
18092545
1839617
19927553
51384833
2109969
2102033
2110209
2364161
4198937
4462081
20977153
4469249
4493825
4592129
8393241
8655617
16781849
16929281
17060353
33559065
33561105
33690129
33821201
34083345
35131905
659986
1053251
16783889
16790033
267796
22288
275216
537360
16790288
529296
6804
268824
793104
17308176
274968
275024
275088
553488
799248
1323536
1331728
4477456
135828
16912916
138000
660240
398864
399888
398864
17044112
291344
807440
530961
529296
545424
791184
17306256
529172
529200
547344
676368
4463120
17314320
1069825
4215553
529284
268036
16783108
283396
152324
4952
16782152
791304
275216
9442064
17306400
529344
21320
14081
5912
268048
284416
136961
2103041
7044
269064
138000
24320
270080
16785152
154368
793344
17308416
34085632
13076
16790276
275208
275216
13136
275264
16790336
14096
276224
160512
291584
275216
799488
17314560
1323776
25178880
8524560
145152
399104
16914176
400128
16915200
414464
660352
2495232
33690369
267140
283400
17045248
807680
17568512
529284
660240
17306384
660240
17437440
18879248
8393496
8401680
8524560
8655632
8917776
9474816
17044225
33567504
33821456
283393
16799233
414209
16798226
23058
283268
16798340
284164
16799236
21080
29448
29456
414224
283201
1069648
1071680
152193
414336
1069697
23312
152321
152336
807680
807680
17322752
153104
284176
16799248
284416
1332736
154113
285192
16800264
154128
16800272
23312
809472
1071632
2120448
17062400
29193
31233
16806416
291392
29444
29456
292352
61968
553488
553600
17330688
53784
184848
315920
16830992
17093120
1364480
152193
154113
414209
16929281
154128
414224
152321
160512
422400
184960
414224
938496
1201664
17060368
807440
547344
553488
807440
17322512
807552
17322624
545568
807680
1856000
1069700
1331728
1331744
1071624
1071632
1333760
1595904
17848832
1077768
1602048
1364480
1208832
1331728
1856000
18108928
1593984
2118168
2249232
2380304
2118416
4477441
4215320
4346384
4215568
4346369
8671745
8409872
17060353
16800272
17062400
33575448
33837584
692752
1069700
1053452
1070596
1316356
17831428
1200644
1200644
1184265
1053480
1184520
1184265
1577760
1069760
1055552
1331776
17832576
1315592
1317632
1446656
17961728
1839872
1054464
1578752
1055364
1579524
1317392
17832464
1317392
1317504
1061508
1323528
1061441
1061456
1061696
1077824
1323584
17838656
1061633
1323776
1323520
1847808
1339904
1446416
9572880
1184448
1184576
1184520
1447424
17962496
1448448
17963520
1708672
1708800
3281409
1315352
1446416
1839632
18092672
1315588
1839872
1839744
18616832
1577604
1577496
1708560
1839632
1577601
1577732
1839872
1602048
9441816
9703952
34608641
3152385
3152400
3152640
16790145
17052161
16798472
17068544
16830992
17093120
17044232
17044240
17306496
17568384
25448960
271113
25361
287489
1188609
8963
41497
57985
16918017
287361
1057413
6300177
33825297
33694465
33825537
1057289
271892
13076
569872
33579537
926224
34218512
19014160
17572368
582160
1320464
1323536
2368272
3416592
4465170
20982288
21242384
4989456
8399377
9183760
9450000
9708048
143937
8988
16786196
533380
272132
16787204
11017
156424
1319688
17310496
533440
1057601
9987
10113
1058561
275202
16790274
307968
33579777
303873
74499
404224
16919296
535297
17441536
2368257
8528656
8659728
33567489
142080
31488
293376
287361
16804354
27145
287256
1077768
1335816
29201
287489
16804608
17064704
29193
291344
29444
59905
156417
419328
422400
680576
287256
418320
17064464
287616
551425
549508
549400
680464
811536
1602048
1335872
1073665
1075728
1368576
1860096
2122257
2384385
2124304
3174912
20996609
5005824
21520896
8415745
17850881
17064464
17441281
1057413
1188376
1057368
34611848
3170832
1075712
1058328
1320464
1323522
1356288
17965576
1452544
1450512
1974784
35267072
1860096
18620928
17052161
16822912
18096656
51388944
17945
26129
149009
1070593
672273
2376209
19218
279299
541202
16925316
149012
147989
541197
543237
17320452
1067780
1069592
283400
17058312
17056289
19041
549424
283201
21185
2114384
150096
21316
279425
280324
150288
543504
811776
156417
50945
280336
26432
1197632
543249
1071632
2116353
51729
1331714
21129
21073
291344
414224
807680
23169
291344
152193
1333760
287256
16804368
418320
16933392
1078016
1336832
59905
16804353
811536
551425
549636
311937
320016
180753
16957968
49761
58128
1102592
836097
836352
705040
574212
34128640
148101
16925189
412161
680449
672273
672514
148248
148289
150288
189184
2247169
410384
283396
1590785
17449473
672400
1594112
1065620
1335824
1589952
1065729
1330688
1331713
1073684
17850888
1360385
1098264
1098384
1360512
17973776
1196816
1327873
18366978
1589784
1597968
1720848
1590032
1720848
34621968
2378241
19022337
2638353
2384400
2507280
2769424
2380544
2900736
3164688
4342289
4342529
4211348
4604432
4473616
4219712
4737552
4350480
4604432
4342544
8667665
8798736
8667912
8667920
8409872
8672000
8413968
8440576
8417793
8417808
9060880
17187344
33572624
33579537
16810517
296453
16811525
819717
295689
35353
1098249
57873
35409
41553
49737
557953
311937
303873
164625
426753
1084929
35353
36609
17074689
1346049
16814595
41493
41605
303625
16818697
41497
43537
303681
41733
45825
172801
58881
17080833
582145
827905
17342977
164485
180753
1212945
2261521
180801
426753
165633
427521
16942593
16943617
184833
430593
182785
950785
17465857
2261521
2277889
311825
299649
315905
819729
17596929
565777
819729
819841
574209
17596929
1868289
1346049
1344017
9470721
2130457
2138641
2261521
2392593
2130697
2130705
2138881
2392833
2155009
4227609
4358673
4490753
21005825
4491777
4497921
8684049
16810521
16957953
17072649
296465
16811537
17072657
17334801
18907665
295443
295572
33557
296468
16811540
819732
295704
57880
295632
37457
311888
303888
17072912
42513
1082897
34584
42768
1083921
297520
59920
821776
1346064
303640
1090072
57936
303888
304656
17080848
827920
16835088
164500
426544
166672
427536
16942608
430608
16945680
434704
950800
950800
2277904
2523664
19038736
295572
17596944
688912
4752144
33489
41665
168577
58000
35713
8440448
49810
58000
320128
16835200
574081
836224
17351296
1344130
1868416
4752001
16812688
16814721
25207424
17072769
58113
35587
35589
16810772
296708
16811780
58116
1084164
295704
41752
688912
557841
819984
17335056
33604368
558016
1083137
34584
36624
165648
16811792
1085184
35601
35617
166657
1084161
4229889
35716
35601
166672
16812816
60160
576256
4246272
1088256
1346304
8430337
41748
41860
41737
303880
41752
172816
303888
16818960
303936
59136
304896
16819968
60160
582400
582400
828160
16835328
1360640
16827152
17089280
427776
428800
434944
181056
312068
819984
819969
557956
820096
17335168
582400
1868544
1086209
1348352
2409216
2671360
8424208
8684304
18383616
33587992
33719056
33850128
36357
35593
35649
559873
43525
43649
44545
305665
567809
297601
821761
821761
1083913
1214977
2394625
297490
36372
43792
59920
59920
821776
4491792
8424208
35589
166672
297792
43840
44800
297856
576001
51732
52740
313864
576256
55810
59968
60928
838144
34130432
1101312
1624576
4770304
16828944
17091072
1084932
1346056
1346064
1084944
1088002
1088016
1092160
1093120
1624576
1346176
1624576
18385408
16943632
1352208
50705
312836
16827908
51721
8438296
49752
16826952
49929
17089040
16826960
1098320
1100544
58120
582400
181008
312080
52737
50712
181776
312848
16827920
50960
575232
16828944
51728
52737
314880
838144
17091072
53778
16835076
320008
16835080
16835088
57921
320064
16835136
844288
17359360
34660864
180868
442896
16958016
443904
16958976
451072
16966144
705152
967168
17482240
1491456
442896
17089040
573969
574084
582400
17613312
1098372
1360416
17875488
1360640
1099280
1361408
1624576
1106440
1491456
18137600
1884672
18399744
4252161
4375056
4244240
4252416
4506368
4770304
4252168
4514304
21029376
4375056
21283328
8438296
17089025
17359360
17089040
1213057
172609
173569
1475073
4366849
17203713
165393
164656
430608
16945680
696848
188944
950800
9601552
25330192
17203728
166657
165636
16941828
164632
16941832
164632
164656
168705
168720
430848
16945920
172864
173824
697088
430848
1475328
19038976
33719056
180754
442882
16957954
442912
181776
446976
188944
188992
189952
442896
967168
17220096
1229320
1231360
2277904
4376064
4377088
4637184
25346560
16966144
1221136
1237504
1745408
17998336
1737217
16949761
17203728
4489857
1868416
312065
17072772
820096
1098246
1344018
1082118
1344258
18121218
1090053
1212948
1344020
1082885
1345028
1081944
17859144
1229320
18121224
1475088
1084224
1081985
1082904
1213968
1345040
17860112
1100289
1214992
1346064
1085184
1346304
1347072
1104384
1346064
1348097
1086224
1352193
1090068
1090180
1090113
1090368
1106496
1352256
17867328
1094400
1090304
1091073
1353216
17868288
1630720
1876480
18391552
1229313
1212937
17990152
1475088
1212993
1213008
1221376
1475328
1477120
1491456
1475088
18252288
18514432
18121344
1346064
1606408
1630720
1884672
35160577
18121217
34638352
35160577
4235800
17596944
16812609
17081088
16837120
16818712
17080848
16827144
17613312
16949761
17203728
25330192
16941828
17220096
18252288
25199128
25461264
25199376
25461504
328457
328457
100097
68355
330497
115457
377472
217601
1376771
1115653
1376777
1376833
1116929
1245953
1377025
1115665
17892865
1120769
17893889
1123841
1647105
1245713
1246721
1247745
1769985
1376897
1377025
1638929
1901057
5309953
5571073
17891849
18153985
1639170
1122833
1115668
1122833
1253904
18022928
1393168
1901072
17900048
18154000
1377026
1115012
1115908
1377032
1377040
1639184
1116929
1641216
1381120
1123073
1123088
1124096
1139456
1385216
1647360
1164032
1409792
1245968
1246976
1248000
1770240
1901312
1639184
1901312
1131017
1393160
1131296
1139456
1393408
1655552
1140224
1425920
1263104
1264128
1655297
1655312
1655424
18170368
1253889
1507968
18416144
16908873
131881
8520457
17433121
1180545
132881
140049
16917249
393745
132993
1443329
166529
139909
16917001
926209
17203713
934401
1966593
1182465
1450497
1229313
2236945
19005969
21103113
4334337
4589057
21105153
4596225
8520217
8782353
16917009
16933377
33948177
34210321
150033
16912913
180754
394772
672276
164632
16910872
8536600
9568792
131921
131731
402192
918288
393745
131920
156176
133908
168465
1200656
16917009
172816
16943632
442896
1221136
4588049
402192
918288
17695248
688912
1475088
6439440
12714513
4334352
4850320
131723
1184400
136080
140176
156544
152194
1184386
16913040
17433217
16909076
131988
395012
16909128
17433376
152384
150336
4327169
16911120
402184
16917256
402192
16917312
402192
148225
934656
17449728
164632
172816
402192
17172224
918288
50987776
2231041
2491137
2491152
2753296
16925193
16926209
16933377
934401
17973824
156289
1204864
16927488
934656
148993
410368
16926224
446976
1233408
16962048
942592
442896
1262096
934656
934656
674305
934401
672388
934656
936448
1204752
1196736
17973824
17974784
1462784
1204744
1491456
18006528
1982976
1720960
1982976
2253328
4350465
4866576
4612608
4866688
5128704
16927233
17449488
17711616
33964560
34226704
34226944
1180293
1180419
1196802
1182466
1180308
17957508
1443332
1180440
1442568
1180185
17957442
1188672
1450752
1443456
1184259
1200642
1192464
1479168
17994240
1188372
1466880
18489856
1213185
18219648
18220544
18743808
1712896
3277576
17433091
16909848
17171984
17179144
17711616
16950016
17433232
17957696
33817347
17041929
262803
263941
787329
1327617
17566209
1313297
17043985
267041
1315361
17048073
811521
1311365
18088453
18219521
1835537
3408401
19137041
19153409
17039897
17048081
17064449
270861
393765
1311245
270876
263076
1313412
271116
269060
279062
17056268
1327684
1851908
410118
1446404
1311239
1311500
1835556
1346052
17048073
17043985
17039960
271184
287312
17564432
33817361
271184
19145232
295449
1868304
2360849
4465169
4465424
9191952
17041025
4459137
4465281
262833
271056
4465296
787360
17042304
271248
17048448
918400
1442688
2360193
267920
279488
279424
412288
1327752
4481664
21250688
18104960
4588176
4604544
1321600
1442433
1835664
17171088
17042178
17041156
17040152
1442576
787392
17043200
17566464
2362113
4465424
271184
17049344
8782608
9175936
25953024
33817368
33819408
33948432
265737
265776
269840
17041168
300800
919296
19138304
17057288
935424
17171984
17171984
920065
17566209
17046272
822016
281096
416256
1837824
17074704
17046272
791424
17061376
5001728
271877
17049089
401953
17179137
795424
926464
21258752
1320452
279301
17580576
17058560
281360
17066496
1327636
1851908
1327808
4604417
4473364
4997760
17058320
51659264
33841920
17072645
295449
295449
297481
297496
1344080
21266960
17072900
822016
951040
17203968
34374400
822016
426520
4620816
951040
1475136
1348112
18125312
1483264
1999360
1376848
34931456
787973
17564225
790017
823809
2884113
21758480
788228
795456
919296
951040
2884368
19661568
803345
804356
17580608
804368
813568
840192
811528
811584
17588736
935424
17711616
1982976
2900496
5030400
5112321
5112336
922368
951040
5128704
17711616
1970688
1836548
1841664
1872384
1843776
1868304
1966608
17564184
17566464
17582592
17568272
3408401
18089476
1843728
18612752
1319744
1313540
18091520
1335809
1442433
1444353
18219552
18221568
1982976
4457041
4465409
21238273
4466177
5014017
4588065
5112321
4981377
4981265
4588304
4983312
5014032
4588080
4981536
4465424
4465472
4466432
4490000
4588304
4590336
4981632
6554384
5030400
4612608
5530112
5513792
17042178
21250562
17064452
17171984
17074816
19139073
17175041
17048196
17572480
17072664
17171073
17179152
17564304
19268112
655891
525067
787973
17303045
542465
787329
534033
656913
526209
534273
17304069
528129
790017
17305089
1576449
823809
549441
17310273
17311233
672265
17433097
50987521
1597953
1606161
4719129
4850193
4719377
21504513
4981265
8913433
9175569
9175809
8931841
8937985
9060865
10224129
17433105
17302164
1577492
1573457
918160
527121
561936
578064
533140
1581592
557848
17351184
922128
1573584
9175569
525957
529281
533185
534145
8921729
660097
4981377
21496449
533200
533392
527024
4735632
660112
819856
4981392
21496464
526212
525232
787392
528256
533392
534400
656264
658304
549568
4850305
656264
689024
4866688
1835656
1835712
1573505
1577602
1610368
1582720
1706624
18350721
788228
17303300
656208
528129
545538
553728
824064
533328
795456
17597184
656152
920320
17572608
34341648
17318409
804356
17319428
17318409
541209
803345
1851936
541265
1589840
17318664
805632
803600
17319425
542232
550416
673296
804368
543256
807426
545537
553728
549640
17326608
549441
811584
550401
34128385
574992
574096
574336
672385
672516
935424
1982976
17580672
17582592
1852928
1982976
1851920
18629120
35144208
51921408
4735745
4735512
4866576
4735760
4997648
21774848
38289936
55067136
8930052
8938240
17318424
17449488
34095640
34357776
34095888
656901
17433097
656193
1704513
692737
665089
729601
4852225
656916
919056
922128
5112336
17433136
656137
657156
656152
656152
658184
922368
926464
951040
17466112
672265
673284
673296
709120
680452
681472
5128704
17711616
1705476
1704472
1966608
1966656
18483712
1741312
1713664
17434128
17437185
17728000
787992
1704451
1836548
1704513
1575696
1581825
1608448
1608193
1870336
1837824
1577736
1724928
1872384
18387456
1581592
1712656
1843728
1843776
1607184
1607424
1720834
18481696
1967616
1970688
1729024
1999360
18612864
18613760
10224144
18481680
4981265
4727553
4983297
4727361
4728321
21758465
4720145
4851216
4882960
4719380
4850448
4981568
4727568
4728576
4989696
21504768
4850448
4851456
4852480
4883200
4997636
4866576
4744704
21627408
17310528
17435152
17601024
17310232
17310232
17334808
17335044
17433112
17711616
34472449
1311239
18350850
17842760
1051457
1059457
1312273
1055249
1059345
1092097
1706497
3410433
17828624
34605840
1184259
1053445
1054465
1085976
18387456
1184385
1319681
1614337
1192449
17965569
1057546
9462274
1319444
1057541
1059348
17850884
1581712
1057336
1581856
9446176
1581648
1073736
1598016
1090432
1057541
17834784
1336064
1581840
18359040
1582608
17835536
1058568
1092097
5253633
17836545
1059352
1059592
1583872
1585680
5255696
9450240
1073688
17867265
1090128
17869312
1188616
1188672
5513729
18096641
1843728
5513744
9970177
1581840
1583872
5251608
5775888
5776128
34644736
5292546
17859090
1606160
1608448
1221121
1868304
18121232
1606416
1458689
1704465
1180419
1196568
1180440
1188369
1712656
1704720
1192449
1442568
1466880
3539457
1835537
1319744
1966608
1704720
1575696
3148305
3408401
3146501
3162629
2097753
3146321
3408449
2362113
19006209
2100993
2624017
2099977
2396673
18911745
2368065
2892289
2245129
19005961
10617601
19661313
2622213
2621969
2900481
3932673
3146373
3672577
3678721
3670545
3932673
6816273
10748433
2359889
18877200
18883344
2361880
2624024
2368024
3154456
2126352
2630416
2892304
2490898
3015184
3015184
3801616
2622100
10488592
35783440
2097946
2360082
10486546
18875154
2228997
2097948
3408644
11535120
23069456
2097961
2360129
2245440
2110224
2106117
2106136
6300432
2122624
2384640
2892544
18885376
2116360
2378496
2261776
2245392
2229057
2245440
2493184
3801856
3539712
2384640
2507520
2884353
2622225
2624257
2884353
11010832
2769664
10494736
35799808
2886145
2378304
2116099
2114055
2116101
2115081
3170824
3162704
2114324
2640400
2117136
2379264
2640400
2640640
2902528
2642688
3162756
3162704
6308376
6310416
10504720
10764816
35668616
2228997
2493184
3555840
7488000
6701568
3408576
19923648
3164736
3418624
18875216
18883392
4195861
4212229
20973061
4194905
4457225
4325937
4981281
4194905
4325969
22020673
20972177
4195097
4457249
4719393
4588289
4981505
4981505
6292241
4326929
4458017
4213257
4197137
21498369
38275585
4461073
5509633
20980241
20981249
4205073
4989441
37757457
4522529
21103107
37880337
4620801
21627393
4457345
21234305
21266945
4719237
5243585
5506561
5246465
5507585
5636609
6423057
6554129
23069201
12591633
12845585
37880577
4198931
21103121
4719252
20972120
4981296
4457240
4195280
4326168
4197012
4459032
4460048
4722192
4459152
4461074
4203156
4465176
21498384
4197009
4215425
4203201
4326033
4326049
5276289
5374593
4197009
4326033
4719249
4719280
4198032
4201104
4229776
21234320
4457352
4457360
4719520
4457408
4197264
4198272
4461440
4203408
4465536
20980608
4473728
4490112
4752256
4328320
4588416
4458368
4719504
21496704
4213392
4248192
4506240
4344448
5280384
5538432
20972169
4458244
20973316
4326168
4457240
4719496
4195128
4457264
20972336
21496608
4719552
4213508
4459272
4197185
4197121
4983552
4494080
21009152
4203284
4203396
4465416
20980488
20980496
20980544
20981504
4481792
37757712
4227864
4358928
4326168
4457240
4457345
21267200
4719492
4719384
4981520
4719504
21496704
6292248
6423312
37757712
38011664
4473353
20988425
4213257
4211288
20988488
5261856
5521920
4343312
6310416
4223489
4477442
20992514
4223504
21000704
20997632
4605440
21120512
4344328
4608512
21123584
5261832
5267976
6316560
12608016
4326917
4334145
4620801
4882945
4326929
4326932
4596240
4327172
4326168
4334400
5112576
5112576
4343312
5382720
5251649
6160896
13632257
20974104
21236240
21242376
21496344
8397585
8397588
8520468
9830928
25559553
25176577
25172496
17302149
17039953
17040193
20989441
17838593
16827905
16835073
17564177
18088457
17828361
21242369
21266945
16925202
16779789
16802316
17040017
17564177
17040020
17310225
17826452
18089488
16780056
17171208
17433472
16780056
17324544
17076752
17057284
17056392
17056321
17056448
16794436
16802624
17056576
16795396
16802305
16803329
16795160
16795216
17057296
17845760
17059328
16802564
17065472
17188352
18105856
17850944
17981952
18235904
18498048
18104848
18367104
20988440
21250576
20988688
21252608
21250561
54542849
19006216
17843716
18088513
17827352
18089488
18105856
18090512
17883648
18481665
33818117
50332425
33686289
33575427
33821441
34087441
33948193
34341633
38019585
42205713
50332185
50340609
34865682
33825552
33949200
51118608
34341393
34079506
33563457
33949440
33819393
33557380
33821442
33579780
33825540
50340612
33563410
33825552
33825600
50340672
33564432
50341632
34097680
50874880
34882050
33833489
33837824
34358016
33575682
33579529
33710608
33841680
33842688
33704704
33964800
34883072
37765904
34644481
34898433
34996768
50356800
50598416
50336516
